     Temps  Consigne  Position  Commande   Courant  Vit. Axe    Moteur
        ms    degrés    degrés     Volts        mA     rad/s     rad/s
         0      59.7      59.2       1.7        50      0.00         3
        10      65.2      59.2      18.3      3500      0.00        81
        25      65.2      59.8      16.2      3250      0.39       136
        40      65.2      60.9      13.0      1900      0.46       157
        55      65.2      62.2       8.8       800      0.58       153
        71      65.2      63.2       5.9       350      0.62       130
        86      65.2      64.1       3.3      -150      0.59       108
       102      65.2      64.8       0.9      -400      0.50        73
       117      65.2      65.3      -0.5      -450      0.43        44
       133      65.2      65.5      -1.0      -300      0.34        25
       148      65.2      65.6      -1.3      -150      0.28        13
       164      65.2      65.6      -1.3       -50      0.22         6
       179      65.2      65.6      -1.3         0      0.18         2
       195      65.2      65.6      -1.3         0      0.15         1
       210      65.2      65.6      -1.3         0      0.12         1
       226      65.2      65.6      -1.3         0      0.10         1
       241      65.2      65.6      -1.3         0      0.08         2
       257      65.2      65.6      -1.3         0      0.06         2
       272      65.2      65.6      -1.3         0      0.05         2
       288      65.2      65.6      -1.3         0      0.04         3
       303      65.2      65.6      -1.3         0      0.03         3
       319      65.2      65.6      -1.3         0      0.03         3
       334      65.2      65.6      -1.3         0      0.02         3
       349      65.2      65.6      -1.3         0      0.02         3
       365      65.2      65.6      -1.3         0      0.01         3
       380      65.2      65.6      -1.3         0      0.01         3
       396      65.2      65.6      -1.3       -50      0.01         3
       411      65.2      65.6      -1.3         0      0.01         3
       427      65.2      65.6      -1.3         0      0.03         3
       442      65.2      65.6      -1.3         0     -0.01         3
       458      65.2      65.7      -1.6         0      0.00         3
       473      65.2      65.6      -1.3         0     -0.11         3
       489      65.2      65.6      -1.3         0      0.00         3

 1.076
----------------
1 +  0.071 p
écart moyen de  0.2°