     Temps  Consigne  Position  Commande   Courant  Vit. Axe    Moteur
        ms    degrés    degrés     Volts        mA     rad/s     rad/s
         0      11.6      11.1       2.2       200      0.00         3
        10      11.6      11.1       2.2       200      0.00         3
        31      11.7      11.1       2.4       250      0.03         3
        47      11.8      11.0       3.6       400      0.03         5
        62      12.0      11.1       4.1       750      0.10        14
        84      12.2      11.2       4.6       750      0.11        23
       100      12.4      11.5       4.0       700      0.15        27
       117      12.6      11.7       4.0       600      0.15        25
       135      12.8      12.0       3.7       600      0.17        19
       152      13.0      12.2       3.7       650      0.15        16
       168      13.1      12.4       3.6       700      0.14        13
       184      13.3      12.4       4.0       850      0.16        15
       199      13.5      12.5       4.3       900      0.17        17
       214      13.7      12.7       4.2       800      0.21        19
       230      13.9      12.9       4.2       700      0.20        21
       245      14.0      13.2       3.7       550      0.24        20
       261      14.2      13.4       3.6       550      0.17        20
       276      14.4      13.7       3.0       500      0.20        19
       292      14.6      13.7       4.0       600      0.19        19
       307      14.7      13.9       3.9       600      0.17        18
       323      14.9      14.1       3.7       600      0.19        15
       340      15.1      14.2       4.2       750      0.19        14
       356      15.3      14.4       4.1       900      0.16        15
       373      15.5      14.6       4.1       900      0.17        16
       391      15.7      14.7       4.7      1100      0.20        19
       409      15.9      14.9       4.7      1000      0.19        21
       426      16.1      15.2       4.2       900      0.22        24
       444      16.3      15.3       4.3       700      0.23        27
       462      16.5      15.6       4.0       500      0.24        28
       479      16.7      15.9       3.6       400      0.22        24
       497      16.9      16.2       3.1       400      0.22        19
       515      17.1      16.4       3.1       500      0.19        16
       532      17.3      16.6       3.3       600      0.17        13
       550      17.5      16.7       3.7       750      0.18        14
       568      17.7      16.8       4.1       900      0.16        16
       585      17.9      17.0       4.2       950      0.19        19
       603      18.1      17.1       4.7       950      0.21        23
       621      18.3      17.4       4.2       700      0.20        24
       638      18.5      17.7       4.0       500      0.22        23
       656      18.7      17.9       4.0       450      0.21        22
       674      18.9      18.1       3.5       500      0.21        22
       691      19.1      18.3       3.6       550      0.18        19
       709      19.3      18.5       3.6       550      0.17        16
       727      19.5      18.6       4.1       750      0.20        15
       744      19.7      18.7       4.6      1000      0.19        17
       762      19.9      19.0       4.1       850      0.19        17
       780      20.1      19.2       4.2      1000      0.19        19
       797      20.3      19.4       4.2       900      0.20        20
       815      20.5      19.6       4.2       850      0.20        24
       831      20.7      19.8       4.2       650      0.25        26
       847      20.9      20.0       4.1       550      0.23        28
       864      21.1      20.4       3.3       400      0.20        26
       880      21.3      20.6       3.3       450      0.21        22
       895      21.4      20.7       3.6       500      0.18        19
       911      21.6      20.8       3.5       700      0.20        18
       926      21.8      20.9       4.0       700      0.19        17
       942      22.0      21.1       3.9       750      0.17        16
       959      22.2      21.3       3.9       750      0.19        17
       975      22.4      21.4       4.2       850      0.19        19
       989      22.5      21.6       4.1       800      0.24        22
      1005      22.7      21.8       4.0       650      0.19        24
      1023      22.9      22.2       3.1       500      0.22        24
      1039      23.1      22.3       3.6       450      0.21        23
      1053      23.3      22.5       3.5       500      0.21        23
      1069      23.4      22.7       3.4       450      0.19        19
      1085      23.6      22.9       3.4       600      0.17        16
      1100      23.8      23.0       3.7       700      0.16        15
      1116      24.0      23.1       4.0       900      0.17        16
      1133      24.2      23.2       4.6       950      0.18        18
      1151      24.4      23.4       4.6      1050      0.18        20
      1167      24.5      23.5       4.5      1000      0.19        22
      1183      24.7      23.7       4.5       850      0.20        25
      1198      24.9      23.9       4.3       600      0.26        27
      1213      25.1      24.1       4.2       500      0.25        29
      1228      25.3      24.5       3.4       400      0.22        26
      1247      25.5      24.8       2.9       350      0.22        20
      1261      25.6      24.9       3.3       450      0.19        17
      1277      25.8      25.1       3.3       700      0.18        16
      1295      26.0      25.2       3.7       750      0.19        17
      1311      26.2      25.3       4.0       900      0.20        19
      1326      26.4      25.5       4.0       900      0.19        20
      1341      26.5      25.7       4.0       850      0.20        24
      1359      26.7      25.9       4.0       600      0.20        24
      1375      26.9      26.1       4.0       500      0.21        24
      1390      27.1      26.2       3.9       500      0.21        26
      1405      27.3      26.4       3.7       500      0.21        26
      1421      27.4      26.6       3.6       500      0.20        24
      1436      27.6      26.8       3.6       550      0.18        19
      1454      27.8      27.0       3.6       650      0.17        16
      1470      28.0      27.1       4.0       850      0.18        16
      1487      28.2      27.2       4.5       900      0.19        17
      1503      28.4      27.4       4.3       900      0.17        19
      1518      28.5      27.6       4.2       900      0.21        20
      1533      28.7      27.7       4.7       950      0.20        25
      1549      28.9      28.0       4.1       600      0.23        28
      1565      29.1      28.2       4.0       550      0.22        30
      1582      29.3      28.5       3.7       350      0.24        29
      1597      29.5      28.7       3.6       400      0.21        25
      1613      29.6      28.9       3.0       450      0.19        20
      1628      29.8      29.0       3.5       600      0.17        17
      1644      30.0      29.1       3.9       750      0.19        17
      1661      30.2      29.2       4.2       850      0.22        20
      1677      30.4      29.4       4.2       900      0.21        22
      1692      30.5      29.7       3.7       700      0.22        24
      1708      30.7      29.9       3.6       500      0.21        24
      1723      30.9      30.1       3.6       450      0.19        24
      1739      31.1      30.3       3.5       450      0.19        24
      1754      31.2      30.4       3.9       550      0.22        25
      1772      31.5      30.6       4.0       600      0.20        24
      1789      31.7      30.9       3.5       550      0.18        19
      1807      31.8      31.1       3.5       650      0.17        16
      1825      32.1      31.2       4.0       800      0.17        16
      1842      32.3      31.3       4.5       950      0.18        19
      1860      32.4      31.5       4.5       900      0.23        22
      1878      32.7      31.7       4.6       800      0.23        26
      1895      32.9      32.0       3.7       450      0.24        28
      1913      33.1      32.3       3.3       400      0.20        27
      1931      33.3      32.6       2.9       400      0.18        24
      1948      33.5      32.7       3.4       450      0.19        21
      1966      33.7      32.8       3.9       600      0.19        20
      1984      33.9      33.0       4.0       750      0.19        20
      2001      34.1      33.2       4.0       750      0.19        21
      2019      34.3      33.4       4.0       750      0.19        23
      2037      34.5      33.6       4.0       600      0.21        24
      2054      34.7      33.8       4.0       500      0.20        25
      2072      34.9      34.1       3.7       450      0.24        27
      2090      35.1      34.3       3.7       450      0.19        26
      2105      35.2      34.5       3.1       450      0.21        22
      2121      35.4      34.6       3.6       550      0.15        19
      2136      35.6      34.8       3.5       650      0.18        17
      2152      35.8      34.8       4.2       750      0.18        16
      2169      36.0      35.0       4.3      1000      0.16        20
      2187      36.2      35.2       4.3      1000      0.22        24
      2205      36.4      35.3       4.8       800      0.22        29
      2222      36.6      35.7       4.0       500      0.24        31
      2240      36.8      36.0       3.6       350      0.20        30
      2258      37.0      36.3       3.1       350      0.20        27
      2275      37.2      36.4       3.7       500      0.21        23
      2293      37.4      36.6       3.7       600      0.21        21
      2308      37.6      36.8       3.6       700      0.18        20
      2324      37.8      37.0       3.6       600      0.20        20
      2339      37.9      37.1       4.0       700      0.19        20
      2355      38.1      37.2       3.9       650      0.19        22
      2372      38.3      37.4       4.0       500      0.21        25
      2390      38.5      37.6       4.0       450      0.20        27
      2408      38.7      37.9       3.5       450      0.23        28
      2425      38.9      38.1       3.6       500      0.19        24
      2443      39.1      38.4       3.1       500      0.17        19
      2461      39.3      38.5       3.6       600      0.18        16
      2478      39.5      38.6       4.1       800      0.16        17
      2496      39.7      38.8       4.1       900      0.17        20
      2514      39.9      38.9       4.6       950      0.20        25
      2531      40.1      39.1       4.7       750      0.23        30
      2549      40.3      39.4       4.2       500      0.24        34
      2567      40.5      39.8       3.5       300      0.23        31
      2584      40.7      40.0       3.0       300      0.20        25
      2602      40.9      40.2       3.0       450      0.18        20
      2620      41.1      40.3       3.6       600      0.18        19
      2637      41.3      40.4       4.0       750      0.18        20
      2655      41.5      40.6       4.0       750      0.19        23
      2673      41.7      40.8       4.1       600      0.23        25
      2690      41.9      41.0       4.1       500      0.22        28
      2708      42.1      41.4       3.3       300      0.19        28
      2724      42.3      41.6       3.3       300      0.20        24
      2739      42.5      41.7       3.6       500      0.20        22
      2757      42.7      41.9       3.6       600      0.17        19
      2774      42.9      42.1       3.7       750      0.20        18
      2792      43.1      42.2       4.1       800      0.19        18
      2810      43.3      42.5       3.7       850      0.17        20
      2827      43.5      42.7       3.9       900      0.18        24
      2845      43.7      42.7       4.2       700      0.21        29
      2863      43.9      42.9       4.3       500      0.20        32
      2880      44.1      43.2       4.0       500      0.24        35
      2898      44.3      43.4       4.0       450      0.20        32
      2916      44.5      43.8       3.1       450      0.21        25
      2933      44.7      43.9       3.6       550      0.20        21
      2951      44.9      44.1       3.6       600      0.20        21
      2969      45.1      44.3       3.7       650      0.20        23
      2986      45.3      44.5       3.7       450      0.19        24
      3004      45.5      44.7       3.7       350      0.23        24
      3022      45.7      44.9       3.9       400      0.21        25
      3037      45.9      45.2       3.3       450      0.19        24
      3055      46.1      45.4       3.3       500      0.17        20
      3073      46.3      45.5       3.9       750      0.18        20
      3090      46.5      45.5       4.2       750      0.18        20
      3108      46.7      45.7       4.2       850      0.18        22
      3125      46.9      45.9       4.3       850      0.18        25
      3143      47.1      46.1       4.3       650      0.21        29
      3161      47.3      46.3       4.3       500      0.22        33
      3179      47.5      46.6       4.0       500      0.24        37
      3196      47.7      46.9       3.6       400      0.20        33
      3212      47.9      47.2       3.1       450      0.22        28
      3227      48.1      47.3       3.5       500      0.21        22
      3243      48.2      47.5       3.4       500      0.18        19
      3260      48.4      47.7       3.4       600      0.23        20
      3276      48.6      47.8       3.9       650      0.19        23
      3291      48.8      48.1       3.3       450      0.21        25
      3307      48.9      48.2       3.6       400      0.20        27
      3322      49.1      48.3       3.6       450      0.18        28
      3338      49.3      48.5       3.5       450      0.19        26
      3353      49.5      48.6       3.9       500      0.19        23
      3371      49.7      48.8       4.0       750      0.19        22
      3388      49.9      49.0       4.0       850      0.19        21
      3406      50.1      49.2       4.0       800      0.17        22
      3424      50.3      49.4       4.0       750      0.20        26
      3441      50.5      49.5       4.5       600      0.23        31
      3459      50.7      49.8       4.0       500      0.22        35
      3477      50.9      50.2       3.3       350      0.22        33
      3494      51.1      50.4       3.3       350      0.19        27
      3510      51.3      50.6       3.3       500      0.21        24
      3526      51.5      50.7       3.6       600      0.18        21
      3541      51.6      50.9       3.5       600      0.19        21
      3556      51.8      51.0       3.9       550      0.19        23
      3572      52.0      51.1       3.9       550      0.19        25
      3589      52.2      51.3       3.9       450      0.21        29
      3607      52.4      51.5       3.9       450      0.18        30
      3625      52.6      51.8       3.5       450      0.21        28
      3642      52.8      51.9       4.0       500      0.20        23
      3660      53.0      52.2       3.6       550      0.15        19
      3678      53.2      52.4       3.6       650      0.15        18
      3695      53.4      52.4       4.5       900      0.19        21
      3713      53.6      52.5       5.0      1000      0.19        29
      3729      53.8      52.8       4.5       650      0.25        34
      3744      53.9      53.0       4.3       500      0.23        39
      3760      54.1      53.4       3.5       300      0.22        37
      3775      54.3      53.6       3.4       350      0.25        31
      3793      54.5      53.7       3.4       450      0.21        25
      3808      54.7      54.0       2.9       500      0.19        22
      3824      54.9      54.1       3.3       550      0.18        21
      3839      55.0      54.2       3.6       500      0.19        22
      3855      55.2      54.3       4.0       450      0.19        25
      3871      55.4      54.5       4.0       500      0.19        30
      3888      55.6      54.7       4.0       450      0.21        32
      3905      55.8      54.9       4.0       500      0.20        29
      3923      56.0      55.2       3.6       550      0.20        25
      3941      56.2      55.4       3.6       550      0.20        19
      3958      56.4      55.6       3.7       650      0.18        19
      3974      56.6      55.8       3.6       700      0.21        21
      3991      56.8      55.9       4.0       650      0.10        25
