     Temps  Consigne  Position  Commande   Courant  Vit. Axe    Moteur
        ms    degrés    degrés     Volts        mA     rad/s     rad/s
         0      60.0      59.4       1.8       100      0.00         2
        10      69.6      59.4      21.1      3800      0.00        76
        24      69.6      60.1      21.1      4000      0.45       148
        40      69.6      61.4      21.1      3550      0.67       197
        55      69.6      62.9      20.4      2950      0.95       229
        71      69.6      64.6      15.4      1600      1.04       232
        86      69.6      66.3      10.2       550      1.09       210
       102      69.6      67.7       5.7         0      1.04       173
       117      69.6      68.9       2.3      -500      0.94       135
       133      69.6      69.8      -0.3      -950      0.81        88
       148      69.6      70.3      -1.8      -800      0.67        53
       164      69.6      70.5      -2.6      -750      0.53        22
       179      69.6      70.6      -3.0      -650      0.38         1
       195      69.6      70.6      -3.0      -450      0.30       -10
       210      69.6      70.4      -2.4      -200      0.21       -12
       226      69.6      70.3      -2.1      -100      0.15       -12
       241      69.6      70.3      -1.8       -50      0.13       -11
       257      69.6      70.2      -1.5         0      0.08        -8
       272      69.6      70.2      -1.5         0      0.07        -5
       288      69.6      70.1      -1.2         0      0.03        -2
       303      69.6      70.1      -1.2         0      0.03         1
       318      69.6      70.0      -0.9         0      0.02         2
       334      69.6      70.0      -0.9       -50      0.02         2
       349      69.6      70.0      -0.9         0      0.01         3
       365      69.6      70.0      -0.9       -50      0.01         3
       380      69.6      70.0      -0.9       -50      0.01         3
       396      69.6      70.0      -0.9       -50      0.01         3
       411      69.6      70.0      -0.9       -50      0.01         3
       427      69.6      70.0      -0.9         0      0.00         3
       442      69.6      70.0      -0.9       -50      0.00         3
       458      69.6      70.0      -0.9       -50      0.00         3
       473      69.6      70.0      -0.9       -50      0.00         3
       489      69.6      70.0      -0.9       -50      0.00         3

 1.031
-------------------------------------------------
1 + 2* 0.66/ 23.4 p + p²/ 23.4²
écart moyen de  0.2°