     Temps  Consigne  Position  Commande   Courant  Vit. Axe    Moteur
        ms    degrés    degrés     Volts        mA     rad/s     rad/s
         0       9.1       7.6       6.8      2050      0.00         2
        10      19.4       7.6      21.1      4500      0.00        34
        27      19.4       8.1      21.1      4500      0.28        63
        44      19.4       9.0      21.1      4500      0.51        86
        62      19.4      10.1      21.1      4500      0.70       103
        78      19.4      11.5      21.1      4450      0.90       123
        93      19.4      12.7      21.1      4350      1.05       132
       108      19.4      14.2      21.1      4400      1.17       138
       124      19.4      15.8      16.6      3100      1.19       143
       139      19.4      17.2      10.0      1600      1.16       126
       155      19.4      18.5       4.2       350      0.99        92
       171      19.4      19.5      -0.1      -250      0.81        55
       186      19.4      19.9      -1.8      -350      0.63        24
       201      19.4      20.0      -2.3      -200      0.44        -4
       217      19.4      19.9      -1.8         0      0.24       -23
       234      19.4      19.6      -0.5       250      0.15       -28
       250      19.4      19.1       1.6       350      0.02       -32
       266      19.4      18.8       2.9      1000      0.02       -29
       281      19.4      18.4       4.7      1400     -0.01       -17
       296      19.4      18.3       5.2      1600      0.00        -5
       312      19.4      18.2       5.6      1600     -0.00         2
       327      19.4      18.2       5.6      1350      0.03         5
       343      19.4      18.2       5.6      1300      0.01         3
       358      19.4      18.3       5.2      1250     -0.01         2
       374      19.4      18.3       5.2      1300     -0.00         3
       389      19.4      18.2       5.6      1250     -0.01         3
       405      19.4      18.2       5.6      1300     -0.00         2
       420      19.4      18.2       5.6      1300      0.03         2
       436      19.4      18.2       5.6      1300     -0.01         2
       451      19.4      18.3       5.2      1300      0.03         2
       467      19.4      18.2       5.6      1300     -0.02         2
       482      19.4      18.3       5.2      1300      0.11         2
       498      19.4      18.2       5.6      1300     -0.11         2




 0.903
-------------------------------------------------
1 + 2* 0.49/ 17.9 p + p²/ 17.9²
écart moyen de  0.9°