     Temps  Consigne  Position  Commande   Courant  Vit. Axe    Moteur
        ms    degrés    degrés     Volts        mA     rad/s     rad/s
         0      10.2       9.5       2.3       350      0.00         3
        10      20.2       9.6      21.1      4450      0.17        72
        26      20.2      10.6      21.1      4050      0.67       138
        42      20.2      12.3      21.1      3550      0.98       181
        57      20.2      14.3      18.1      2700      1.19       202
        73      20.2      16.5      11.3      1150      1.38       190
        88      20.2      18.3       5.6       150      1.17       157
       103      20.2      20.2       0.1     -1050      1.07       111
       119      20.2      20.8      -1.9     -1000      0.83        63
       134      20.2      21.3      -3.3     -1000      0.68        23
       150      20.2      21.3      -3.3      -750      0.49        -2
       165      20.2      21.3      -3.3      -600      0.33       -14
       181      20.2      21.1      -2.7      -350      0.26       -18
       196      20.2      20.8      -1.9      -150      0.16       -16
       212      20.2      20.7      -1.6         0      0.12       -12
       227      20.2      20.6      -0.9         0      0.07       -10
       243      20.2      20.5      -0.7         0      0.06        -8
       258      20.2      20.4      -0.4        50      0.02        -6
       274      20.2      20.4      -0.4        50      0.03        -5
       289      20.2      20.3      -0.1         0     -0.04        -4
       305      20.2      20.3      -0.1         0     -0.01        -3
       320      20.2      20.1       0.4         0     -0.02        -3
       336      20.2      20.1       0.4         0     -0.04        -2
       351      20.2      20.1       0.4         0     -0.05        -2
       367      20.2      20.0       0.7         0     -0.03        -2
       382      20.2      19.9       0.9         0     -0.03        -2
       397      20.2      19.9       0.9         0     -0.05        -2
       413      20.2      19.9       0.9         0     -0.06        -2
       428      20.2      19.8       1.3         0     -0.04        -2
       444      20.2      19.7       1.6         0     -0.06        -1
       459      20.2      19.7       1.6        50     -0.01         0
       475      20.2      19.6       1.9       100     -0.11         1
       490      20.2      19.7       1.6       150      0.11         2


 0.942
-------------------------------------------------
1 + 2* 0.48/ 26.7 p + p²/ 26.7²
écart moyen de  0.6°